1.000000000000000000e+00 0.000000000000000000e+00 0.000000000000000000e+00 0.000000000000000000e+00 0.000000000000000000e+00 1.000000000000000000e+00 0.000000000000000000e+00 0.000000000000000000e+00 0.000000000000000000e+00 0.000000000000000000e+00 1.000000000000000000e+00 0.000000000000000000e+00
9.999882173251202211e-01 -4.852823652532076149e-03 1.237478312209466802e-04 8.986800700422574451e-02 4.853609176372182532e-03 9.999606177770381521e-01 -7.430031825466223289e-03 2.698068837047027518e-02 -8.768632357461503268e-05 7.430544903426049980e-03 9.999723892755972843e-01 9.573411467490956506e-01
9.991615736121396418e-01 3.881817118234460323e-02 -1.301151040314239490e-02 1.423551676410999556e-01 -3.894304468750076770e-02 9.991964125064137781e-01 -9.485172891430682790e-03 4.633291064062257381e-02 1.263285745111665179e-02 9.983928103265829468e-03 9.998703576425538309e-01 1.919037640983384696e+00
9.956911515147941483e-01 9.146611451952280092e-02 -1.526698037741228663e-02 2.209798145888097198e-01 -9.152150157830842014e-02 9.957986770994629033e-01 -2.968069374578541624e-03 6.952850714474770322e-02 1.493136108981415501e-02 4.352537382056525378e-03 9.998790476224328483e-01 2.879295639873610924e+00
9.958595184313341342e-01 8.927015033743067318e-02 -1.716565782145280591e-02 2.532334795933874338e-01 -8.919554090583321770e-02 9.960012529493702527e-01 5.065531147024429810e-03 5.674831246760408954e-02 1.754921742490113748e-02 -3.513457274286486964e-03 9.998398274652571249e-01 3.839543188859651845e+00
9.958580126662036625e-01 9.025449109299633899e-02 -1.099751999604867483e-02 2.073931325534356107e-01 -9.021302441950949935e-02 9.959135893208362900e-01 4.211036828964782701e-03 6.770663198121672222e-02 1.133264459886472973e-02 -3.201475227800216691e-03 9.999306584572560386e-01 4.797048199977548499e+00
9.976126795851157913e-01 6.822773141236687655e-02 -1.067324680345047364e-02 1.995817087108859300e-01 -6.821583524752448946e-02 9.976694963083976297e-01 1.475112616645897750e-03 7.366598618935533971e-02 1.074901634978528593e-02 -7.435066046823193050e-04 9.999419512378912023e-01 5.729745997666081614e+00
9.974989651374235322e-01 7.016895385410183705e-02 -8.493083350038389129e-03 1.070153736227447000e-01 -7.017003087087082813e-02 9.975350306449044524e-01 1.714755121375284379e-04 3.441264168605358276e-02 8.484180417147758196e-03 4.249132749583944477e-04 9.999639184147385285e-01 6.661879019364809196e+00
9.978542014413649408e-01 6.477694522311144842e-02 -9.536248391170062261e-03 3.977468735340199124e-02 -6.479078104548238737e-02 9.978982086831609255e-01 -1.148824814932747915e-03 2.659051570210890433e-02 9.441787824999164566e-03 1.764220649810168936e-03 9.999538690200494573e-01 7.589388586413421400e+00
9.976967287514295624e-01 6.742528119705640255e-02 -7.420841879138074908e-03 -4.659416705970949313e-02 -6.740550818842958036e-02 9.977214958895616048e-01 2.883419108621809376e-03 -1.641458580424330974e-02 7.598348804622073391e-03 -2.376572194240267506e-03 9.999683079978330946e-01 8.513841537771400070e+00
9.970550164260059134e-01 7.652226342801329850e-02 -5.063340754018414054e-03 -1.721753318957994217e-01 -7.650075474310311097e-02 9.970601922972107678e-01 4.313636515257338565e-03 -2.484239432951635546e-02 5.378544735623476056e-03 -3.913583537369930664e-03 9.999778773155053591e-01 9.435789807142546337e+00
9.974149076891235532e-01 7.179020731967956925e-02 -3.109349207751111854e-03 -2.874632740221599314e-01 -7.176281210578296099e-02 9.973882460170985231e-01 8.172239938155535441e-03 -7.039622935868705689e-02 3.687915152002777929e-03 -7.927978300560785049e-03 9.999617724902780669e-01 1.035059264802739243e+01
9.963308016036366288e-01 8.557831001105441204e-02 -1.134297803787858144e-03 -3.751629526063517961e-01 -8.557075600900740375e-02 9.963165728464676851e-01 5.561689268283280876e-03 -5.405579024118584153e-02 1.606079668846365285e-03 -5.444219606328623735e-03 9.999838903607282115e-01 1.129714522624830053e+01
9.964624486392971159e-01 8.354645021546390493e-02 -9.087304780405348892e-03 -1.714359648541720349e-01 -8.352807310950771669e-02 9.965025727256401344e-01 2.384020510481316656e-03 -3.501930299096477073e-03 9.254699043710196832e-03 -1.616541857413303102e-03 9.999558676951874059e-01 1.215603042101601794e+01
9.956231387010744394e-01 9.091371293032318723e-02 -2.166246717816439765e-02 2.864883355812297694e-02 -9.088206061472677011e-02 9.958586655165333479e-01 2.443230249493949600e-03 1.126977416543023351e-02 2.179487878937028458e-02 -4.638069144190335325e-04 9.997623558334771676e-01 1.304377430157674489e+01
9.957780713396896521e-01 8.592811955857734829e-02 -3.228607916945785278e-02 1.614495917929514024e-01 -8.596641620691901353e-02 9.962980147612549020e-01 2.026507409606409266e-04 1.035522528782058249e-02 3.218396997805606646e-02 2.573723355582843535e-03 9.994786481083737240e-01 1.394259766671450329e+01
9.939720588563113468e-01 1.037300049415799813e-01 -3.549129876135467820e-02 5.219137458735199908e-02 -1.036905570043712838e-01 9.946052154408194790e-01 2.955301346080554861e-03 -1.035963179103571163e-01 3.560638427404679007e-02 7.426255738704611465e-04 9.993656157313939303e-01 1.483312533794866539e+01
9.932998480397225993e-01 1.110051096121874303e-01 -3.214463445510170464e-02 -9.875973548667955904e-02 -1.108854368524890832e-01 9.938180453708355122e-01 5.487493902246511415e-03 -1.655068927203001417e-01 3.255505764544653485e-02 -1.886355025201183304e-03 9.994681635181897894e-01 1.571919834415190742e+01
9.924765435109509371e-01 1.107063304628495282e-01 -5.229167214775093386e-02 1.438326495264797278e-01 -1.107331642628687912e-01 9.938472927371668764e-01 2.392707951122510605e-03 -1.337780809738749466e-01 5.223482471388231352e-02 3.415715804557115966e-03 9.986289881495805654e-01 1.658226673200135082e+01
9.931011194042708157e-01 1.065945573191410256e-01 -4.886478269594896062e-02 -5.729305967426895352e-02 -1.065175241676394602e-01 9.943020168997280805e-01 4.185240056690316297e-03 -1.641245539039487000e-01 4.903247580106952219e-02 1.048589086490238961e-03 9.987966343444235617e-01 1.745071274232117631e+01
9.933022908363350334e-01 1.041079621016048479e-01 -5.012076661765149654e-02 -1.674313383188588966e-01 -1.039971313442529938e-01 9.945659117703484764e-01 4.821184147569050789e-03 -1.594976451356998615e-01 5.035032960623694875e-02 4.235226906892566715e-04 9.987315279578773408e-01 1.833608401833630452e+01
9.929404300383605220e-01 1.080650769320027488e-01 -4.890032252365426185e-02 -3.416810358014558124e-01 -1.077069692143667184e-01 9.941333143261942284e-01 9.907680327676925830e-03 -2.261285824713279435e-01 4.968411393889230615e-02 -4.570830832614657460e-03 9.987545225567738827e-01 1.920389935349595234e+01
9.941887256443018295e-01 9.478810632588934026e-02 -5.102933177019636224e-02 -4.407652776845652487e-01 -9.433008279020253795e-02 9.954766626252459227e-01 1.131590249604522667e-02 -2.399161445487139610e-01 5.187112185556405630e-02 -6.436541591443454592e-03 9.986330445412816559e-01 2.007909252709731263e+01
9.944094309976028168e-01 9.290650327435040490e-02 -5.018231951951653697e-02 -5.738542794997839591e-01 -9.250188266278079607e-02 9.956589115138546608e-01 1.033119677923799440e-02 -2.405151702969157423e-01 5.092430899744458672e-02 -5.631480478822235673e-03 9.986866381306762630e-01 2.094323086366084752e+01
9.935641700255430919e-01 1.020859855528420540e-01 -4.907842290824942361e-02 -7.134233652645052270e-01 -1.016931949311025707e-01 9.947610129652467714e-01 1.044132123176877251e-02 -2.460180301880077469e-01 4.988721425537029353e-02 -5.383181035890412074e-03 9.987403502491408736e-01 2.180115697041516754e+01
9.931662603930735411e-01 1.067502344820743104e-01 -4.717167216521227918e-02 -8.621141915176158133e-01 -1.063568691232944508e-01 9.942695971124805299e-01 1.077889827767684015e-02 -2.494897691617270763e-01 4.805200939743209387e-02 -5.688206730790986224e-03 9.988286383044189254e-01 2.265146358380803093e+01
9.928971009643580148e-01 1.107657491661466487e-01 -4.343150594025596556e-02 -9.220004869915749968e-01 -1.103893029094755590e-01 9.938277772081121064e-01 1.097957434273700954e-02 -2.357058094255841674e-01 4.437959778700822228e-02 -6.107213869668384407e-03 9.989960726844805405e-01 2.350635160927707901e+01
9.931423592702172121e-01 1.080077827381669964e-01 -4.475011833699223118e-02 -1.012414944365861880e+00 -1.073572139324906749e-01 9.940802188191253386e-01 1.670171156432979226e-02 -2.604641814047370940e-01 4.628912226261864410e-02 -1.178292919903604213e-02 9.988585884596725695e-01 2.435912130995418323e+01
9.941524556348187991e-01 9.886624212663958078e-02 -4.343225901354905161e-02 -1.073098222731594831e+00 -9.803582865253519796e-02 9.949643224591313562e-01 2.085601433296591783e-02 -2.991843287096865867e-01 4.527550392512814936e-02 -1.647614036122353048e-02 9.988386584144234304e-01 2.518292726374403045e+01
9.931166775129661728e-01 1.114451037616397827e-01 -3.604516185521456501e-02 -1.165872709687145070e+00 -1.109739817451139005e-01 9.937127574260183893e-01 1.482332973455000383e-02 -2.882794744917760998e-01 3.747052469937618008e-02 -1.072122084193033280e-02 9.992402189675987367e-01 2.600190348858433964e+01
9.947945366298127645e-01 9.553633189614596510e-02 -3.544910689016016886e-02 -1.295068540729701567e+00 -9.496817322315527499e-02 9.953285250896506398e-01 1.738313025675279275e-02 -2.470617953544963774e-01 3.694422777833515636e-02 -1.392610608518805339e-02 9.992202898276082434e-01 2.680500341888430427e+01
9.938738357711941473e-01 1.061591980442150723e-01 -3.074123029527901091e-02 -1.431223380191927408e+00 -1.056887190871644983e-01 9.942615378320684982e-01 1.654959351556633748e-02 -2.606890294107186423e-01 3.232171448380755790e-02 -1.319920673469495570e-02 9.993903580255339980e-01 2.759008694887940294e+01
9.939571589865775492e-01 1.053927441243653201e-01 -3.068445184899001518e-02 -1.534150997799062166e+00 -1.048668140816856748e-01 9.943183133339088542e-01 1.827684527410935317e-02 -2.665160438135859011e-01 3.243635928544124497e-02 -1.494862049664012066e-02 9.993620071533418914e-01 2.837630833780468009e+01
9.940715609822279308e-01 1.044083668722809027e-01 -3.034179581741638237e-02 -1.643146174905741885e+00 -1.038770537562419827e-01 9.944163310752403007e-01 1.859349869676217223e-02 -2.560582019407895982e-01 3.211369410836324018e-02 -1.533145191842029929e-02 9.993666280363732168e-01 2.915413056944282744e+01
9.938979990086806993e-01 1.067305126281273692e-01 -2.784538095777649297e-02 -1.797487508946657542e+00 -1.063193641334916062e-01 9.942056273512882569e-01 1.585444269872648970e-02 -2.029530664487739222e-01 2.937618724063330647e-02 -1.279719567617224225e-02 9.994865038638750532e-01 2.990897770129095790e+01
9.930339138519264086e-01 1.150358148376008499e-01 -2.550308304069368037e-02 -1.965588347388218082e+00 -1.147060284364765786e-01 9.933002255487395349e-01 1.404239883920299983e-02 -1.857475072600526245e-01 2.694759692925478151e-02 -1.101922091067576194e-02 9.995761120546363676e-01 3.065718070599539757e+01
9.887851882838556428e-01 1.220293943835664835e-01 -8.609691246988858404e-02 -1.450031134114414089e+00 -1.193187732487779873e-01 9.922039924809965550e-01 3.597593160965986692e-02 -2.778062204822864256e-01 8.981582143962450748e-02 -2.529949033392538821e-02 9.956370091594486382e-01 3.120865263169477544e+01
9.906558928844259038e-01 1.098226029058541886e-01 -8.086963450116005370e-02 -1.709819519996189197e+00 -1.064921517297343911e-01 9.933209553260379243e-01 4.441735393001736143e-02 -2.950133322795764901e-01 8.520753202234790380e-02 -3.539033202947459988e-02 9.957345032113262828e-01 3.190630123827730102e+01
9.881445745303001349e-01 1.290704460587579760e-01 -8.313314489740100677e-02 -1.889929133872887412e+00 -1.256993631178894566e-01 9.910651569668769145e-01 4.460408902760869265e-02 -3.031039563363621125e-01 8.814743296373377113e-02 -3.362550520690274491e-02 9.955397307297620957e-01 3.262211537278774642e+01
9.889620852452428723e-01 1.229019338170584397e-01 -8.275934153565761564e-02 -2.052996339974259232e+00 -1.193895837020573919e-01 9.917743915828370893e-01 4.614849405938548088e-02 -2.766338924760225471e-01 8.775033476196958393e-02 -3.575850758249432548e-02 9.955004811071853643e-01 3.333151278214042179e+01
9.864819801544824074e-01 1.376338715723536832e-01 -8.893941885634235045e-02 -1.979017016095257819e+00 -1.337593436124531465e-01 9.898422248630432962e-01 4.817476387645486940e-02 -2.983540669511859367e-01 9.466647150319139337e-02 -3.562705817481778142e-02 9.948713343437662893e-01 3.406986378725790132e+01
9.869874038502964853e-01 1.350867636249953596e-01 -8.722058778856994765e-02 -2.173033818219985758e+00 -1.313806812118046563e-01 9.902198450392076801e-01 4.694438299580194762e-02 -1.781953575295158743e-01 9.270912169350452314e-02 -3.487441445901928727e-02 9.950823051240342831e-01 3.472178936084054612e+01
9.824433294460315214e-01 1.575113875102885364e-01 -9.997633335738859151e-02 -1.981820930460945540e+00 -1.522688855656378348e-01 9.866292239802555430e-01 5.811162428227388543e-02 -1.905788505479328598e-01 1.077928147679719506e-01 -4.186809277612020541e-02 9.932913831759994094e-01 3.538835354360298879e+01
9.838467727125838058e-01 1.502504787469854108e-01 -9.731557665319118255e-02 -2.162608888309322630e+00 -1.448606902197071278e-01 9.876126599211872970e-01 6.030434803953999001e-02 -1.269252434374792959e-01 1.051708526736910287e-01 -4.523303659612222527e-02 9.934249162106740805e-01 3.604976471873871446e+01
9.791842676012901814e-01 1.838437926094612929e-01 -8.602110206862421948e-02 -2.479193896732520663e+00 -1.807457346361512340e-01 9.826076369843202984e-01 4.258181713989128703e-02 -3.675304038354702818e-02 9.235339459364225179e-02 -2.614749814164599173e-02 9.953829207134146095e-01 3.664136639719023236e+01
9.801956746163557055e-01 1.825216144345098990e-01 -7.682642597188805988e-02 -2.802145773843998988e+00 -1.799899104645371894e-01 9.829053660910589407e-01 3.873852656434564196e-02 3.695596702796370703e-02 8.258372475470918128e-02 -2.414335464738641759e-02 9.962916374395668351e-01 3.721585064491355865e+01
9.837624299685163720e-01 1.616409432805821222e-01 -7.799799252422956464e-02 -2.973144537199263748e+00 -1.589223922705258751e-01 9.864834031351823462e-01 3.992704063476438386e-02 1.245660367040350158e-01 8.339756961362466969e-02 -2.688309495205227356e-02 9.961536751868879103e-01 3.784006659917005067e+01
9.884867589103563112e-01 1.304905335581297565e-01 -7.659078345741025806e-02 -3.264984434241872346e+00 -1.268357828873609705e-01 9.906217436795762277e-01 5.080595564098697170e-02 1.992109625188562272e-01 8.250219171789273387e-02 -4.050656244311974519e-02 9.957673456991799066e-01 3.840214443071663908e+01
9.885934472555906183e-01 1.332500710198843696e-01 -7.019554556031219750e-02 -3.422778455112480689e+00 -1.299584961962389484e-01 9.902801378435086566e-01 4.955842873882735505e-02 2.465061969012838639e-01 7.611691868255397730e-02 -3.987063036678924893e-02 9.963014340672368130e-01 3.901801463621631427e+01
9.900002434953850683e-01 1.243169818637923502e-01 -6.666937752343748969e-02 -3.542894453306569158e+00 -1.209618208952913804e-01 9.912829743634874458e-01 5.221400791723366380e-02 3.191739317921957753e-01 7.257930672568321806e-02 -4.362743124873477707e-02 9.964079944871280237e-01 3.965279639960444769e+01
9.887301181615144596e-01 1.388525366548033491e-01 -5.597076473348672893e-02 -3.657342422491616230e+00 -1.359624425778737655e-01 9.893209343135944689e-01 5.251955004703657420e-02 3.533130493452650289e-01 6.266552200838461373e-02 -4.431773903767372014e-02 9.970501343252553550e-01 4.024684671137560343e+01
9.907274248294910546e-01 1.257502799915286018e-01 -5.143964203592537449e-02 -3.784872946508035074e+00 -1.229847666770324810e-01 9.909489110219684704e-01 5.380523124919504158e-02 4.189129996182410220e-01 5.774008015346060452e-02 -4.698002582412607459e-02 9.972256315987073627e-01 4.082872021001722374e+01
9.900130618297634522e-01 1.347712135418748791e-01 -4.136251209626547187e-02 -3.924762271023193083e+00 -1.326408478254388623e-01 9.898748029867350251e-01 5.053988425125049977e-02 4.725929102604585208e-01 4.775503004514016631e-02 -4.454878687945794391e-02 9.978651525596837768e-01 4.139436957935973282e+01
9.904469070487922355e-01 1.343308105970266730e-01 -3.114735368908969765e-02 -4.073704951762294080e+00 -1.326266556032570376e-01 9.898264765881289451e-01 5.151423559205556280e-02 5.010743416952817553e-01 3.775042438148907414e-02 -4.689114596045225458e-02 9.981864184056690181e-01 4.194257040749109677e+01
9.931575568183367286e-01 1.111586123200875298e-01 -3.580265690855011229e-02 -3.942599250715368431e+00 -1.094025938635035389e-01 9.928496718668108345e-01 4.775564395871692569e-02 5.074768367997064544e-01 4.085510727652329893e-02 -4.351197514531914001e-02 9.982171949172088388e-01 4.247492923453710034e+01
9.936238364643011911e-01 1.094148995529033164e-01 -2.720388512324407176e-02 -4.080834462258013495e+00 -1.080653628439064567e-01 9.930356521678967985e-01 4.692622802765419876e-02 5.246577652470273412e-01 3.214885633090980993e-02 -4.368722100702281813e-02 9.985278552736033264e-01 4.298331948588845108e+01
9.947142349837142516e-01 1.008858090576367911e-01 -1.912182657480885478e-02 -4.195920228582105338e+00 -9.985440640195854256e-02 9.938025150107491212e-01 4.884320505895630576e-02 5.824721024905469280e-01 2.393090560099138744e-02 -4.667563271241752937e-02 9.986234010216344936e-01 4.347429089688388615e+01
9.954735019654324946e-01 9.355924549886723840e-02 -1.670851478641639451e-02 -4.072909555042881102e+00 -9.269366599118585015e-02 9.945999173370294599e-01 4.667856808320200446e-02 5.918157535186353568e-01 2.098549903623213655e-02 -4.491850414769001792e-02 9.987702122186757903e-01 4.394174193593133282e+01
9.962298117890728832e-01 8.630404789930429255e-02 -8.818923908813234083e-03 -3.942917276110926128e+00 -8.582471182916574792e-02 9.952939514346886840e-01 4.498965522177288123e-02 5.697400945489646817e-01 1.266021098384503482e-02 -4.406315415091996424e-02 9.989485259532254746e-01 4.349682752617590609e+01
9.949695206114691493e-01 1.001724640918982695e-01 1.063245948756658295e-03 -4.088078688681632045e+00 -1.001175644509364887e-01 9.939432691973137945e-01 4.531281171786794015e-02 5.538431984920707540e-01 3.482289850450441364e-03 -4.519131614728170293e-02 9.989722811981718298e-01 4.308223186952589856e+01
9.943942175464127731e-01 1.046865046334971711e-01 1.486189280965915030e-02 -4.236174534848816897e+00 -1.052277391417704988e-01 9.935557754212860360e-01 4.211940220526885770e-02 5.867578177772927450e-01 -1.035678644060025917e-02 -4.344717337915238176e-02 9.990020420899999865e-01 4.347592341227267099e+01
9.939542391754488948e-01 1.079760666056736179e-01 1.990325263693763086e-02 -4.139338981634121062e+00 -1.087613083660760177e-01 9.931004364738811319e-01 4.384633254785592210e-02 6.006330070560396139e-01 -1.503157435738434675e-02 -4.574595190576533771e-02 9.988400070364513716e-01 4.386128740463876596e+01
9.909997317839618347e-01 1.338565501198101526e-01 -1.398425595696218496e-03 -4.063282885988715343e+00 -1.335824783247604175e-01 9.895397062306937608e-01 5.446917731615646269e-02 6.107390319101400067e-01 8.674853816561960140e-03 -5.379213495397260070e-02 9.985144731691972808e-01 4.422577968180199548e+01
9.922845939410698257e-01 1.232042992420768202e-01 1.385587512512881023e-02 -4.163642033907453133e+00 -1.237937991477681826e-01 9.907184870667404830e-01 5.614244986427139456e-02 6.022071168304639066e-01 -6.810280447685752338e-03 -5.742455948867662002e-02 9.983266199234396288e-01 4.457487430617042889e+01
9.995520785648442930e-01 -1.493846578601080999e-02 2.593230565661732226e-02 -4.231366519280294725e+00 1.412310500390140389e-02 9.994088305871212663e-01 3.134529070758553665e-02 5.978142475077844464e-01 -2.638522582348827583e-02 -3.096500580420011306e-02 9.991721514703030271e-01 4.427073474372991768e+01
9.993667277447849662e-01 -7.482627594265642279e-03 3.478726435027325314e-02 -4.293889679935473325e+00 6.195378272049886607e-03 9.992973521320083208e-01 3.696510936051851381e-02 5.831703399975823876e-01 -3.503941730046322700e-02 -3.672618012064404747e-02 9.987108825526007649e-01 4.397852799918160827e+01
9.990841640484626751e-01 -3.045557272844465072e-04 4.278715220020032350e-02 -4.242800300144193848e+00 -1.344257853706393733e-03 9.992576500398206996e-01 3.850119228971761454e-02 6.016930603570579406e-01 -4.276711491808016935e-02 -3.852344847901958275e-02 9.983420845576294056e-01 4.424912972596077765e+01
9.983916555797057724e-01 -5.251853901821315661e-04 5.669061870477695719e-02 -4.342548704381588465e+00 -1.680555006658729584e-03 9.992434967930022838e-01 3.885369804503327473e-02 5.892044543507582999e-01 -5.666813746448082223e-02 -3.888647961966401612e-02 9.976354864874751316e-01 4.449739678379279439e+01
9.974318801541174340e-01 -4.155852134679674233e-04 7.162033050163449377e-02 -4.433682617768941014e+00 -2.159173245660857884e-03 9.993541701549419898e-01 3.586893593116978474e-02 5.800955580286419888e-01 -7.158898255407199207e-02 -3.593146090641345658e-02 9.967868115570193144e-01 4.474246968399448576e+01
9.959881402350806434e-01 -1.111087894215659518e-02 8.879286502985520024e-02 -4.532046000958564136e+00 7.821794757612257620e-03 9.992733258567920718e-01 3.730468814891335638e-02 5.801430409649133146e-01 -8.914282942472780136e-02 -3.646050740527663481e-02 9.953512884212826206e-01 4.498297441873656055e+01
9.941335667279947996e-01 -2.101543706772714473e-02 1.060980815544774469e-01 -4.607049579026067931e+00 1.688193492024845158e-02 9.990686946774937072e-01 3.970823074338255404e-02 5.946598540969750823e-01 -1.068337576706702152e-01 -3.768414414940537971e-02 9.935625060869068825e-01 4.522947569598659356e+01
9.918613064787975553e-01 -2.275333976035945338e-02 1.252734378866297016e-01 -4.515588374561916751e+00 1.781177839937778465e-02 9.990237600309501698e-01 4.042607381241175579e-02 5.944383195170274137e-01 -1.260709691421292022e-01 -3.786571567241620723e-02 9.912982892733060991e-01 4.497854045681442159e+01
9.903549886773888034e-01 -1.584214136886673285e-02 1.376445529567764670e-01 -4.274510653551009121e+00 2.055732647083956602e-02 9.992471307048677032e-01 -3.290240274619837813e-02 6.001719964403249286e-01 -1.370196800835258300e-01 3.541466271124037862e-02 9.899350528872388200e-01 4.495957420356267420e+01
9.880976686798395026e-01 -8.903301505162860077e-03 1.535699461867041926e-01 -4.199433572181825447e+00 1.372509082612676824e-02 9.994445961448065185e-01 -3.036644725304822948e-02 5.783780870746846325e-01 -1.532142912110089628e-01 3.211277719640738548e-02 9.876710740471472683e-01 4.519900725527512719e+01
9.842482334198068283e-01 -3.695756548736929721e-03 1.767533773186060198e-01 -4.291558251579234984e+00 9.589050052742057254e-03 9.994257560454533618e-01 -3.249935802555885267e-02 5.640289582495244813e-01 -1.765317680449744464e-01 3.368233270603870205e-02 9.837184736165115462e-01 4.543729259932912612e+01
9.822438051530951730e-01 -2.663794844061560460e-02 1.857081768292787594e-01 -4.065280764593834917e+00 4.546590857688381088e-02 9.941595875745707911e-01 -9.787525525305959540e-02 5.654821933184934757e-01 -1.820163684827693917e-01 1.045807541397996837e-01 9.777182147571459314e-01 4.551591814366235411e+01
9.772918348999786176e-01 -4.184193534595569142e-02 2.077255927524309653e-01 -3.989297068176453909e+00 6.390204340869445887e-02 9.928676866457762928e-01 -1.006493202305477203e-01 5.467076174651201992e-01 -2.020326663835189107e-01 1.116378486947155191e-01 9.729952684637200866e-01 4.575253768697508860e+01
9.718362751125784182e-01 -3.815102907521581571e-02 2.325483892780645379e-01 -4.065259117293785529e+00 6.304249075800555380e-02 9.929314422420525421e-01 -1.005623953879274668e-01 5.660798014244744492e-01 -2.270680486866077930e-01 1.123906134320585420e-01 9.673719301685503869e-01 4.551524231896596007e+01
9.590441913402218965e-01 2.719626332275080355e-02 2.819478716320972800e-01 -4.281593144511334437e+00 3.194353505570188267e-02 9.786462498718319081e-01 -2.030544955915980498e-01 5.420943488662581800e-01 -2.814495507630658255e-01 2.037446462440060668e-01 9.376962565256296012e-01 4.564871115174360483e+01
9.549286647285359919e-01 -4.659254432494593784e-03 2.967988150716216467e-01 -4.081193712117181960e+00 7.410663616592590153e-02 9.719574623629385624e-01 -2.231745904738730579e-01 4.988843096342583383e-01 -2.874359959294464639e-01 2.351105754855484786e-01 9.284953233802031303e-01 4.580500054826944734e+01
9.493434977162410471e-01 -1.327979328350219201e-02 3.139595044496200638e-01 -3.871705038752646821e+00 8.855291487668709438e-02 9.699216129162890887e-01 -2.267387176128502213e-01 4.637730201855000400e-01 -3.015050656469009382e-01 2.430549565185365635e-01 9.219647409207344380e-01 4.596192768451692245e+01
9.407844173345557559e-01 -3.381745200789275374e-02 3.373144824050473001e-01 -3.851760181469706001e+00 1.127087014649905683e-01 9.696115418888421322e-01 -2.171409828890695504e-01 5.377327895271493130e-01 -3.197208606183898905e-01 2.423011303639582004e-01 9.160069505794103950e-01 4.571710427638489449e+01
9.407844173345633054e-01 -3.402375812152687307e-02 3.372937354647499997e-01 -3.605879811903629051e+00 1.127087014649736235e-01 9.697441709687628641e-01 -2.165478965176061976e-01 5.671899708535163009e-01 -3.197208606183737367e-01 2.417408255868480349e-01 9.161549784452639456e-01 4.563354306733172905e+01
9.310480111352389399e-01 -3.410211842183771130e-02 3.632996648502025416e-01 -3.368981720506159405e+00 1.188032234450442787e-01 9.697058284893383950e-01 -2.134394534590227377e-01 5.484924921902362138e-01 -3.450150649757056098e-01 2.418835499015288271e-01 9.068941245960583375e-01 4.575626662684705792e+01
9.144906742296292634e-01 -3.060073553244129635e-02 4.034481400774105331e-01 -3.337656474744990387e+00 1.253226283603900704e-01 9.695209945105908167e-01 -2.105309479009032925e-01 4.742144157119893566e-01 -3.847090401431829121e-01 2.430897698137151619e-01 8.904528725564491154e-01 4.601123583297889041e+01
8.949607441011552256e-01 -1.348211444708891614e-02 4.459411386135531119e-01 -3.382993576465629371e+00 1.189282340626222484e-01 9.705850954149120025e-01 -2.093338188186173177e-01 5.331848842960145163e-01 -4.300015600677042360e-01 2.403805423666365015e-01 8.702389632686353682e-01 4.574875799359671902e+01
8.810635873565431098e-01 -1.647061009391393924e-03 4.729949706122259512e-01 -3.374993775180877620e+00 1.153314595699198031e-01 9.705599752004225866e-01 -2.114520961646877417e-01 5.943949868861538866e-01 -4.587217124443739857e-01 2.408539427308653280e-01 8.553150114449679098e-01 4.546746075210153748e+01
8.616230324537468288e-01 -7.007030005829360808e-02 5.026886740269372877e-01 -3.110359622258497936e+00 2.428674832611324441e-01 9.265936094225342146e-01 -2.871230895482576040e-01 5.623376647207706247e-01 -4.456693118441302781e-01 3.694786002288611426e-01 8.153921930294087961e-01 4.560697243144520741e+01
8.450189004430858075e-01 -7.377478181097665844e-02 5.296228275506176253e-01 -2.846588694135739228e+00 2.592296784160694756e-01 9.227890041130464294e-01 -2.850621471124620276e-01 5.369839140719305792e-01 -4.676997238851725025e-01 3.781768573786783993e-01 7.988987625606437382e-01 4.575585156089653793e+01
8.178688469853259146e-01 -1.032903421684225193e-01 5.660579955672687680e-01 -2.671326043467779687e+00 3.050749101929418616e-01 9.119450615476578648e-01 -2.743820400274406546e-01 4.797707065792929937e-01 -4.878727788078252581e-01 3.970986148724097164e-01 7.773627478627671561e-01 4.602557822216540018e+01
7.911667928337539069e-01 -9.799386176487717703e-02 6.036988561970016987e-01 -2.332065775990332046e+00 3.712762840720498780e-01 8.613452681609834460e-01 -3.467538751079028425e-01 5.261595523155238041e-01 -4.860134018757171215e-01 4.984792192991678861e-01 7.178505701913819870e-01 4.604147234836604241e+01
7.701557148371557249e-01 -1.071678680518943216e-01 6.287886950008653164e-01 -2.008818802979956075e+00 3.990611124233640061e-01 8.499850715826713365e-01 -3.439122077479091488e-01 4.891520817736664806e-01 -4.976046658293123981e-01 5.157910683055989542e-01 6.973873890464864500e-01 4.619508554846930082e+01
7.386882404265441293e-01 -1.159430088424051736e-01 6.640006793340770264e-01 -1.679534765607606728e+00 4.268973192261014682e-01 8.428163895453970600e-01 -3.277487030504347421e-01 4.207149185503011313e-01 -5.216304844361653315e-01 5.255642227304385683e-01 6.720743154537677233e-01 4.639103658040163225e+01
7.047827882444867020e-01 -1.040263438601214119e-01 7.017547585712780034e-01 -1.347061891158367830e+00 4.242049359366677486e-01 8.546602400698432023e-01 -2.993426905249859105e-01 3.662102113229013245e-01 -5.686223647741083242e-01 5.086594084717906972e-01 6.464783155310301899e-01 4.660559380332753676e+01
6.610622546796056653e-01 -1.087004770148865818e-01 7.424155855951990457e-01 -1.108399136988208022e+00 4.461178705621834939e-01 8.525080684977722756e-01 -2.724129929193405686e-01 2.149336283195165676e-01 -6.033038546230110599e-01 5.112868074211890379e-01 6.120541312286635893e-01 4.690252452117334059e+01
6.157518007866081833e-01 -1.050829738994683016e-01 7.809015869010018651e-01 -8.177865671581172613e-01 4.552615029687290260e-01 8.563441553397396211e-01 -2.437450543706144168e-01 8.110286875569677756e-02 -6.431070546516395314e-01 5.056008862847550800e-01 5.751356883774236817e-01 4.718675977949096279e+01
5.660758671922893059e-01 -1.139144810194712282e-01 8.164444889865889454e-01 -4.982855270490518240e-01 4.775321715865460392e-01 8.526214253797266274e-01 -2.121313981552295780e-01 -3.271772950224297039e-02 -6.719532258143707804e-01 5.099609749750719789e-01 5.370462422549340253e-01 4.746613040259554595e+01
5.368720397344417528e-01 -1.421747968553039310e-01 8.315977032739707564e-01 -6.498373830569640353e-01 5.009022888791397898e-01 8.468779171594201793e-01 -1.785908464154109254e-01 1.630209868500320236e-01 -6.788706135538811193e-01 5.124296249895137212e-01 5.258807559571787582e-01 4.708112054587292761e+01
4.847033770565269961e-01 -1.554280391910871084e-01 8.607582476533245375e-01 -3.158308638419950465e-01 5.268201288962598428e-01 8.374409942059546363e-01 -1.454411668444748063e-01 3.608906630305730445e-02 -6.982286073054657649e-01 5.239605957098063538e-01 4.877930976179407629e-01 4.737648834776874907e+01
4.445821873169050753e-01 -1.541936309505592129e-01 8.823667054546022737e-01 1.422911258438788740e-01 5.308705012095480402e-01 8.387842914157701557e-01 -1.209025368620513796e-01 5.151718916134032100e-02 -7.214729306537036591e-01 5.221735694656002291e-01 4.547654051107248852e-01 4.749830335275753157e+01
4.010721163983779203e-01 -1.306540222408419938e-01 9.066811368502301072e-01 5.007639424314203058e-01 5.024443861122558364e-01 8.589831240212605357e-01 -9.847655310258476846e-02 -7.059317744769195990e-02 -7.659574376634833426e-01 4.950530467727517481e-01 4.101605594995925697e-01 4.780853115006237886e+01
3.553919303472180546e-01 -1.749989450025839499e-01 9.181894930198615246e-01 1.529053246055990245e-01 5.513624360862724449e-01 8.324675044461710138e-01 -5.474776812060713760e-02 7.179647774192406129e-02 -7.547821142005775030e-01 5.257121106548398037e-01 3.923400779856074938e-01 4.746857252992530363e+01
3.013489756690591603e-01 -2.074739039207998403e-01 9.306682405965519544e-01 5.685631720354400453e-01 5.993218224118279647e-01 8.003554594015805934e-01 -1.563623314814841306e-02 -3.108348697515961323e-02 -7.416212969192421678e-01 5.624817488576562274e-01 3.655299360625153815e-01 4.777507884055861354e+01
2.778921066697086495e-01 -2.081733654235990716e-01 9.377845312111382503e-01 1.071905963465196621e+00 6.093791878748217039e-01 7.928657493586076521e-01 -4.572622775708266862e-03 6.774953494822480438e-02 -7.425853368035880697e-01 5.727370718071654876e-01 3.471876497545218210e-01 4.771899121867601679e+01
2.514014080106878324e-01 -2.080403571561797449e-01 9.452600392720421629e-01 1.597999498711587973e+00 6.096568831594949556e-01 7.925701367974262723e-01 1.229077187046263495e-02 1.486825537334579284e-01 -7.517418552046295499e-01 5.731943719640464341e-01 3.260864840533214681e-01 4.767415287064805796e+01
2.362909335827692303e-01 -2.141071769681482106e-01 9.477999321994712290e-01 2.131609289627568682e+00 6.004614176865312736e-01 7.990599998409444460e-01 3.080913053113415803e-02 2.596874481543708368e-01 -7.639454696354122110e-01 5.618373727556217334e-01 3.173737323702189861e-01 4.757808150515005963e+01
2.232576840953901798e-01 -2.258621049919549428e-01 9.482311511551259064e-01 2.677794931420285796e+00 5.779215254993962381e-01 8.140408349882380934e-01 5.782931208406829476e-02 3.750986165923872462e-01 -7.849603282057115994e-01 5.350923551129044275e-01 3.122714438480079235e-01 4.747993287205407142e+01
2.166953362060349830e-01 -2.363989311781612146e-01 9.471846053459628267e-01 3.186664791660096085e+00 5.645872348288071274e-01 8.218708423163415544e-01 7.595770414251919178e-02 5.485850082427521368e-01 -7.964197294987852560e-01 5.183086569680938061e-01 3.115633973640421495e-01 4.726664299049403439e+01
2.080934803406056521e-01 -2.186244648187499751e-01 9.533627047574602109e-01 3.739236007033133635e+00 6.121948474464052881e-01 7.892865596308651366e-01 4.737294107567842361e-02 7.212339927431778985e-01 -7.628332532079404871e-01 5.737857354176797431e-01 2.980861580674181166e-01 4.719524960732794483e+01
1.905356631836959136e-01 -2.127735634832526868e-01 9.583441822945437671e-01 4.275321107863590875e+00 5.999998787431859437e-01 7.979048426899708613e-01 5.786196954882744103e-02 6.871872585268762323e-01 -7.769789614676287925e-01 5.639816244298664349e-01 2.796934406491259906e-01 4.747603260240878598e+01
1.814673857862756090e-01 -2.154508236451897762e-01 9.595053571953180427e-01 4.866159412784964111e+00 5.808770728466476907e-01 8.107831900187459917e-01 7.219726465836709406e-02 7.970883636644333636e-01 -7.935057744824599579e-01 5.442532143898239916e-01 2.722811497135790293e-01 4.744296094153010301e+01
1.702829757329577531e-01 -2.073088873994860526e-01 9.633414417436458876e-01 4.264319737005139999e+00 5.981296059275703625e-01 7.986651168943986745e-01 6.614382487428616120e-02 7.006796518880050728e-01 -7.830994079224311566e-01 5.649398695978748997e-01 2.599966558444296583e-01 4.755900306278329737e+01
1.630116469978711846e-01 -2.031345540542887629e-01 9.654861759197883586e-01 3.852652010245433800e+00 5.936200442148376055e-01 8.018269155230632883e-01 6.847510970534111119e-02 8.925449090639165917e-01 -7.880624632917236916e-01 5.619697060268962208e-01 2.512918690659091681e-01 4.711997426881492856e+01
1.672938509147275654e-01 -1.709022172884167023e-01 9.709815650011247579e-01 3.350456121704138646e+00 5.526158602183711688e-01 8.318617072148720704e-01 5.120362394090397645e-02 1.015961979137145699e+00 -8.164731952006961668e-01 5.280137613694193544e-01 2.336086242485448938e-01 4.674279038854461987e+01
1.623678389428958868e-01 -1.542205234596418784e-01 9.746038759521000738e-01 3.915098479275290533e+00 5.199499479681864988e-01 8.528285117802153481e-01 4.832785017602928002e-02 9.349975168127920844e-01 -8.386231194552765666e-01 4.988983459970561252e-01 2.186588755951117680e-01 4.706470533505383003e+01
1.651249582075148270e-01 -1.681939169474814255e-01 9.718253724197772891e-01 4.547544307236146111e+00 5.105033959560447698e-01 8.576596475207678427e-01 6.169450325524532264e-02 1.015005007294538020e+00 -8.438720465179050390e-01 4.859328506248954405e-01 2.274845792339818540e-01 4.688255808457301299e+01
1.583643173566030848e-01 -1.659124533965974646e-01 9.733415643010974172e-01 5.150526536957631407e+00 5.019612303877394321e-01 8.624188425462132601e-01 6.533500752957986657e-02 1.093972376403337332e+00 -8.502679966785821053e-01 4.782329953372024822e-01 2.198579905189123052e-01 4.719199609716543620e+01
1.467459800349351917e-01 -1.723623681340737401e-01 9.740414936720144246e-01 5.712579227094766843e+00 5.079420308343295387e-01 8.580919918517003753e-01 7.531949835130120896e-02 9.531994580536651274e-01 -8.487994525537166934e-01 4.837037808113726078e-01 2.134716416138479622e-01 4.756262365093461852e+01
1.544343277791221103e-01 -1.717088220637258411e-01 9.729676864258683944e-01 6.375719450921421227e+00 5.166874672641118549e-01 8.534213991366151886e-01 6.860012148613549299e-02 1.047198390890254904e+00 -8.421306903180845183e-01 4.921259959819344609e-01 2.205173564669963282e-01 4.738807919182828954e+01
1.618281179950795956e-01 -1.654011157819842148e-01 9.728587416085923145e-01 7.052553303553063202e+00 5.248958053593223427e-01 8.492508732326269349e-01 5.707317960147707814e-02 1.173503347962627785e+00 -8.356411034303932173e-01 5.014134274346037090e-01 2.242510223966336647e-01 4.727448817633958100e+01
1.611956549524469484e-01 -1.600637415465815672e-01 9.738560260462367779e-01 7.724396020683753861e+00 5.393825855130643943e-01 8.406404608320511285e-01 4.888805638734413511e-02 1.222254197968754452e+00 -8.264879837418687147e-01 5.174004389775946899e-01 2.218431844256446850e-01 4.747920303010241838e+01
1.638232283615074503e-01 -1.615422977878210875e-01 9.731731787686365154e-01 8.445209034323809760e+00 5.381862180382788186e-01 8.413962929874853058e-01 4.907008111452529353e-02 1.256101780957312952e+00 -8.267511987066451518e-01 5.157095734736468762e-01 2.247800953482595732e-01 4.749785300527609877e+01
1.564330359474028209e-01 -1.458264753898104171e-01 9.768640357489231096e-01 9.044507942451161853e+00 5.119084136103927429e-01 8.578034023919218765e-01 4.607709756210460333e-02 1.152437179965990266e+00 -8.446765542733950527e-01 4.928569385939998160e-01 2.088385901613760420e-01 4.791758359179878823e+01
1.672598375962546791e-01 -2.056133082245859833e-01 9.642340557189543748e-01 9.631859802731476350e+00 4.550315532895918280e-01 8.837156822539750101e-01 1.095120013937586900e-01 1.319935369018693239e+00 -8.746258812990524989e-01 4.204399605405665930e-01 2.413706845135116796e-01 4.750143034545158116e+01
1.716045705577230185e-01 -2.061217726324043320e-01 9.633616590930859092e-01 1.035175868739086980e+01 4.598195113519476518e-01 8.815769618937664420e-01 1.067149344666742522e-01 1.469049710376962192e+00 -8.712737160868356812e-01 4.246597168381440746e-01 2.460614487301947539e-01 4.754565030552007698e+01
1.699507022864985561e-01 -1.886086893715276103e-01 9.672349875215892068e-01 1.102090269826335245e+01 4.485514757136175312e-01 8.887481218290116392e-01 9.448994433565041651e-02 1.592884924812407732e+00 -8.774499030870481775e-01 4.177960486158046605e-01 2.356440734106598767e-01 4.780370624054235407e+01
1.758414153864458485e-01 -1.776081280633127202e-01 9.682639874955306647e-01 1.171748249802718078e+01 4.267618004951698185e-01 9.001109682830429337e-01 8.760485383069864518e-02 1.602391688221298516e+00 -8.871043694363258680e-01 3.978135211659223902e-01 2.340731511826338318e-01 4.802383751734434725e+01
1.913196090235870506e-01 -1.683732140870597971e-01 9.669784216729255810e-01 1.242256872829064029e+01 4.549585509814950690e-01 8.881638655520569525e-01 6.463485759604400971e-02 1.801964966129218304e+00 -8.697180716139510936e-01 4.275691858701267667e-01 2.465259970114453414e-01 4.793652724662000253e+01
1.964403132503346749e-01 -1.779194065062468522e-01 9.642385016781808149e-01 1.171814356492252074e+01 4.314789395188965426e-01 8.987505133763705745e-01 7.793227481200661055e-02 1.606564370408459341e+00 -8.804755124827544632e-01 4.007395656710193155e-01 2.533193092207024488e-01 4.793018441548751696e+01
2.073011388293611590e-01 -1.600575255748563075e-01 9.650947240281197992e-01 1.233027919606156964e+01 3.957117139416961860e-01 9.159343950487556230e-01 6.690607906618371847e-02 1.537499088789878954e+00 -8.946722736786835162e-01 3.680295809762387238e-01 2.532108809610841837e-01 4.834698029975336908e+01
2.055902024508372006e-01 -1.617748677247360378e-01 9.651743680956701432e-01 1.306189358965271197e+01 4.205165887440122097e-01 9.051542774913194922e-01 6.214123051792714431e-02 1.601091856078321385e+00 -8.836845971540597811e-01 3.930962046520338760e-01 2.541198666788032634e-01 4.844205555015467723e+01
